   IPBIN
   OPASC
   BATCH
   ^5120
   (14-APR-1996. A1 holds initial address)
   8  5218     (CONT 5120)
   +0          (A1 use +0 or +8192)
   +0          (C1)
   +0          (C2)
   +0          (C3)
   +0          (P1)
   +0          (P2 SPARE)
   +0          (W)
   +0          (X)
   +48         (T)

   +177        (5130)
   +178
   +51
   +180
   +53
   +54
   +183
   +160        (MOST CONSTANTS)
   +7
   +0

   +64         (5140)
   +141
   +10
   +8
   +0          (PRINT)
   4  5137     (+160)
   15 6148
   4  5127     (W)
   14 8177
   6  5138     (+7)

   5  5128     (X 5150)
   0  5128     (X)
   /4 5129     (T)
   15 6148
   4  5127     (W)
   14 8180
   6  5138     (+7)
   5  5128     (X)
   0  5128     (X)
   /4 5129     (T)

   15 6148     (5160)
   4  5127     (W)
   14 8183
   6  5138     (+7)
   5  5128     (X)
   0  5128     (X)
   /4 5129     (T)
   15 6148
   4  5127     (W)
   14 8186

   6  5138     (+7 5170)
   5  5128     (X)
   0  5128     (X)
   /4 5129     (T)
   15 6148
   4  5127     (W)
   14 8189
   6  5138     (+7)
   5  5128     (X)
   0  5128     (X)

   /4 5129     (T 5180)
   15 6148
   4  5127     (W)
   6  5138     (+7)
   5  5128     (X)
   0  5128     (X)
   /4 5129     (T)
   15 6148
   0  5144     (PRINT)
   /8 1

   +0          (CHECK 5190)
   4  5139     (+0)
   5  5127     (W)
   5  5122     (C1)
   4  5121     (A1)
   5  5125     (P1)
   0  5125     (L1 P1)
   /4 0
   1  5127     (W)
   5  5127     (W)

   10 5125     (P1 5200)
   10 5122     (C1)
   4  5122     (C1)
   2  5140     (+64)
   7  ;+2
   8  ;-9      (L1)
   0  5190     (CHECK)
   /8 1
   +16         (+16)
   +0          (CRLF)

   4  5141     (+141 5210)
   15 6148
   4  5142     (+10)
   15 6148
   4  5139     (+0)
   15 6148
   0  5209     (CRLF)
   /8 1
   4  5139     (CONT +0)
   5  5123     (C2)

   11 5209     (M2 CRLF 5220)
   8  5210     (CRLF+1)
   4  5139     (+0)
   5  5124     (C3)
   11 5190     (M3 CHECK)
   8  5191     (CHECK+1)
   11 5144     (PRINT)
   8  5145     (PRINT+1)
   4  5121     (A1)
   1  5140     (+64)

   5  5121     (A1 5230)
   10 5124     (C3)
   4  5124     (C3)
   2  5143     (+8)
   7  ;+2
   8  ;-11     (M3)
   10 5123     (C2)
   4  5123     (C2)
   2  5208     (+16)
   7  ;+2

   8  5220     (M2 5240)
   11 5209     (CRLF)
   8  5210     (CRLF+1)
   8  ;+0
   IPBIN
   JUMP 5120

